"name","complexity","blocking","delay","between","free","timeComp1","timeComp2","edges","gradRate3","gradRate4","gradRate5","gradRate6","gradRate7","averageTTD","inverseComplexity","inverseDelay","inverseBlocking","centrality"
"0.json",6,0,6,0.0,6,12,18,0,0.1556,0.4001,0.6301,0.79,0.8874,5.2334,6,6,0,"0.0"
"1.json",9,1,8,0.0,5,19,21,1,0.1223,0.3426,0.567,0.7314,0.8433,5.5777,9,8,1,"2.0"
"10.json",11,2,9,0.0,5,23,23,2,0.0911,0.2961,0.5117,0.6929,0.8192,5.8313,12,10,2,"4.0"
"100.json",18,4,14,1.0,3,32,30,3,0.0591,0.2044,0.4003,0.572,0.7113,6.5156,18,14,4,"9.0"
"101.json",22,6,16,2.0,3,38,34,4,0.0321,0.133,0.2967,0.4753,0.6338,7.0701,24,18,6,"14.0"
"102.json",24,6,18,2.0,2,44,36,4,0.0132,0.0972,0.2527,0.4336,0.5971,7.3095,24,18,6,"14.0"
"103.json",26,8,18,3.0,2,47,38,5,0.0152,0.0878,0.2274,0.3959,0.5678,7.5033,26,18,8,"19.0"
"104.json",18,4,14,1.0,3,32,30,3,0.0568,0.2089,0.3952,0.5708,0.7151,6.5046,18,14,4,"9.0"
"105.json",24,6,18,2.0,2,44,36,4,0.015,0.0987,0.2464,0.4264,0.5902,7.3222,24,18,6,"14.0"
"106.json",22,6,16,2.0,3,38,34,4,0.0274,0.1369,0.3025,0.4767,0.6358,7.0739,24,18,6,"14.0"
"107.json",26,8,18,3.0,2,47,38,5,0.0157,0.0943,0.2335,0.4133,0.5723,7.4852,26,18,8,"19.0"
"108.json",22,6,16,2.0,2,41,34,4,0.0295,0.1411,0.3079,0.4935,0.6482,6.98623222,20,14,6,"14.0"
"109.json",26,8,18,3.0,2,47,38,5,0.012,0.0874,0.2278,0.396,0.5518,7.5693,26,18,8,"19.0"
"11.json",13,3,10,0.0,4,28,25,3,0.0761,0.2526,0.4669,0.644,0.7818,6.0684,13,10,3,"6.0"
"110.json",26,8,18,3.0,2,47,38,5,0.0161,0.0936,0.2235,0.4033,0.5712,7.4825,26,18,8,"19.0"
"111.json",28,10,18,4.0,2,50,40,6,0.0149,0.0793,0.2064,0.3696,0.529,7.7123,28,18,10,"24.0"
"112.json",13,3,10,0.0,4,21,25,3,0.1378,0.3386,0.5496,0.7221,0.8348,5.6185,13,10,3,"6.0"
"113.json",21,6,15,2.0,3,35,33,4,0.0407,0.1613,0.3314,0.5046,0.6601,6.88794825,22,16,6,"14.0"
"114.json",21,6,15,2.0,3,35,33,4,0.0423,0.1616,0.3299,0.5013,0.6533,6.9132,22,16,6,"14.0"
"115.json",26,9,17,4.0,2,45,38,5,0.0237,0.1057,0.2498,0.411,0.5716,7.4701,25,16,9,"22.0"
"116.json",19,5,14,1.0,3,33,31,4,0.0585,0.2049,0.3956,0.5717,0.713,6.5187,19,14,5,"11.0"
"117.json",23,7,16,2.0,3,39,35,5,0.0272,0.1295,0.2796,0.4498,0.6069,7.2263,25,18,7,"17.0"
"118.json",26,8,18,3.0,2,46,38,5,0.0182,0.0928,0.2351,0.4069,0.5766,7.4428,26,18,8,"19.0"
"119.json",28,10,18,4.0,2,49,40,6,0.0149,0.0799,0.2099,0.3671,0.5297,7.74935187,28,18,10,"25.0"
"12.json",11,2,9,0.0,4,24,23,2,0.109,0.3153,0.5325,0.7014,0.8233,5.7328,10,8,2,"4.0"
"120.json",19,5,14,1.0,3,33,31,4,0.0526,0.1946,0.3754,0.558,0.7119,6.5582,19,14,5,"11.0"
"121.json",26,8,18,3.0,2,46,38,5,0.0163,0.0878,0.2298,0.396,0.5601,7.530574935187,26,18,8,"19.0"
"122.json",23,7,16,2.0,3,39,35,5,0.0271,0.1215,0.2784,0.4465,0.6039,7.245922630000001,25,18,7,"17.0"
"123.json",28,10,18,4.0,2,49,40,6,0.0152,0.0779,0.2043,0.3669,0.5283,7.7478,28,18,10,"25.0"
"124.json",23,7,16,2.0,2,42,35,5,0.0316,0.1433,0.3014,0.4835,0.6387,7.042153057493518,21,14,7,"16.0"
"125.json",27,9,18,3.0,2,48,39,6,0.0147,0.0826,0.2153,0.3796,0.5453,7.6398,27,18,9,"22.0"
"126.json",27,9,18,3.0,2,48,39,6,0.0162,0.0849,0.22,0.3914,0.5501,7.603,27,18,9,"22.0"
"127.json",29,11,18,4.0,2,51,41,7,0.016,0.0765,0.1992,0.3562,0.5143,7.83650421530575,29,18,11,"28.0"
"128.json",9,1,8,0.0,5,16,21,1,0.1483,0.3834,0.5996,0.7685,0.8682,5.3726,9,8,1,"2.0"
"129.json",12,2,10,0.0,4,23,24,2,0.1338,0.351,0.5705,0.7335,0.8485,5.5315,12,10,2,"4.0"
"13.json",13,3,10,0.0,4,28,25,3,0.0746,0.2543,0.4634,0.645,0.7781,6.104588794825,13,10,3,"6.0"
"130.json",12,2,10,0.0,4,23,24,2,0.1351,0.3486,0.5686,0.7343,0.8436,5.5523,12,10,2,"4.0"
"131.json",14,3,11,0.0,3,28,26,3,0.1265,0.3307,0.539,0.7064,0.8278,5.6812,13,10,3,"6.0"
"132.json",15,3,12,1.0,4,28,27,2,0.0694,0.2328,0.4312,0.611,0.7438,6.30958365042153,15,12,3,"7.0"
"133.json",17,4,13,1.0,4,32,29,3,0.0621,0.2135,0.4065,0.5885,0.7294,6.4301,18,14,4,"9.0"
"134.json",18,4,14,1.0,3,35,30,3,0.0523,0.1981,0.3879,0.5662,0.7173,6.519,18,14,4,"9.0"
"135.json",19,5,14,1.0,3,37,31,4,0.052,0.1914,0.3763,0.5554,0.7051,6.596130958365042,19,14,5,"11.0"
"136.json",15,3,12,1.0,4,28,27,2,0.0648,0.2286,0.4321,0.6087,0.7431,6.3243,15,12,3,"7.0"
"137.json",18,4,14,1.0,3,35,30,3,0.054,0.2044,0.3995,0.5808,0.7253,6.4612,18,14,4,"9.0"
"138.json",17,4,13,1.0,4,32,29,3,0.0556,0.2045,0.4068,0.5848,0.7244,6.463559613095836,18,14,4,"9.0"
"139.json",19,5,14,1.0,3,37,31,4,0.0546,0.196,0.3849,0.5672,0.7167,6.5234,19,14,5,"11.0"
"14.json",13,3,10,0.0,4,28,25,3,0.0805,0.2556,0.4656,0.6487,0.7862,6.0547,13,10,3,"6.0"
"140.json",19,5,14,2.0,3,37,31,3,0.0483,0.1808,0.3542,0.5319,0.6766,6.7801104588794825,17,12,5,"12.0"
"141.json",21,6,15,2.0,3,41,33,4,0.0444,0.1622,0.3346,0.5,0.6602,6.8926,20,14,6,"14.0"
"142.json",21,6,15,2.0,3,41,33,4,0.0387,0.1609,0.3282,0.507,0.6571,6.9052,20,14,6,"14.0"
"143.json",22,7,15,2.0,3,43,34,5,0.0392,0.1554,0.3281,0.5088,0.658,6.91224635596131,21,14,7,"16.0"
"144.json",12,2,10,0.0,4,20,24,2,0.134,0.3565,0.5709,0.7387,0.8463,5.5335,12,10,2,"4.0"
"145.json",18,4,14,1.0,3,32,30,3,0.0571,0.203,0.3889,0.5729,0.7202,6.4853,18,14,4,"9.0"
"146.json",18,4,14,1.0,3,32,30,3,0.0569,0.2027,0.3965,0.5797,0.7229,6.489191224635596,18,14,4,"9.0"
"147.json",22,6,16,2.0,2,41,34,4,0.0324,0.1453,0.3058,0.4892,0.645,7.0104,20,14,6,"14.0"
"148.json",18,4,14,1.0,3,32,30,3,0.0555,0.1988,0.3967,0.5753,0.7195,6.4914,18,14,4,"9.0"
"149.json",22,6,16,2.0,3,38,34,4,0.0287,0.1399,0.3024,0.4771,0.6338,7.058148919122464,24,18,6,"14.0"
"15.json",14,4,10,0.0,4,30,26,4,0.0638,0.2381,0.446,0.6232,0.7571,6.22005234,14,10,4,"8.0"
"150.json",24,6,18,2.0,2,44,36,4,0.0154,0.0976,0.2448,0.4232,0.5929,7.3457,24,18,6,"14.0"
"151.json",26,8,18,3.0,2,47,38,5,0.0163,0.0923,0.2336,0.4023,0.5678,7.5051058148919125,26,18,8,"19.0"
"152.json",18,4,14,1.0,3,32,30,3,0.0534,0.1996,0.3975,0.5772,0.7173,6.5103,18,14,4,"9.0"
"153.json",24,6,18,2.0,2,44,36,4,0.0149,0.0989,0.2496,0.4311,0.6021,7.3032,24,18,6,"14.0"
"154.json",22,6,16,2.0,3,38,34,4,0.0292,0.1351,0.3008,0.4812,0.637,7.06145051058149,24,18,6,"14.0"
"155.json",26,8,18,3.0,2,47,38,5,0.0132,0.0872,0.2228,0.3879,0.5517,7.5773,26,18,8,"19.0"
"156.json",22,6,16,2.0,2,41,34,4,0.0322,0.1339,0.3071,0.4848,0.6436,7.0321,20,14,6,"14.0"
"157.json",26,8,18,3.0,2,47,38,5,0.0148,0.0918,0.2306,0.401,0.5629,7.497106145051058,26,18,8,"19.0"
"158.json",26,8,18,3.0,2,47,38,5,0.0163,0.0922,0.2355,0.4095,0.5692,7.4587,26,18,8,"19.0"
"159.json",28,10,18,4.0,2,50,40,6,0.0161,0.0855,0.2109,0.3677,0.5314,7.6903,28,18,10,"24.0"
"16.json",9,1,8,0.0,5,16,21,1,0.1462,0.3699,0.5964,0.7652,0.8675,5.4018,9,8,1,"2.0"
"160.json",11,2,9,0.0,5,18,23,2,0.14,0.3475,0.5703,0.7396,0.8453,5.5248,12,10,2,"4.0"
"161.json",14,3,11,0.0,4,25,26,3,0.1265,0.3162,0.5338,0.7035,0.8268,5.703,15,12,3,"6.0"
"162.json",14,3,11,0.0,4,25,26,3,0.1317,0.3294,0.5423,0.7166,0.8302,5.6514,15,12,3,"6.0"
"163.json",16,4,12,0.0,3,30,28,4,0.11,0.2962,0.5098,0.689,0.8079,5.8282,16,12,4,"8.0"
"164.json",19,5,14,2.0,4,32,31,3,0.0409,0.1626,0.3418,0.517,0.6762,6.8241,21,16,5,"12.0"
"165.json",21,6,15,2.0,4,36,33,4,0.0357,0.1501,0.3208,0.5007,0.6557,6.929078011045887,24,18,6,"14.0"
"166.json",22,6,16,2.0,3,39,34,4,0.0288,0.1337,0.3015,0.4814,0.6461,6.9991,24,18,6,"14.0"
"167.json",23,7,16,2.0,3,41,35,5,0.0327,0.1358,0.3035,0.4834,0.6431,7.016,25,18,7,"16.0"
"168.json",19,5,14,2.0,4,32,31,3,0.0425,0.1741,0.3474,0.5213,0.6703,6.8124,21,16,5,"12.0"
"169.json",22,6,16,2.0,3,39,34,4,0.0316,0.1396,0.3054,0.4851,0.6466,7.0083,24,18,6,"14.0"
"17.json",15,3,12,1.0,4,28,27,2,0.0706,0.2349,0.4332,0.6036,0.7412,6.3223,15,12,3,"7.0"
"170.json",21,6,15,2.0,4,36,33,4,0.0303,0.1458,0.314,0.4946,0.6483,6.9671,24,18,6,"14.0"
"171.json",23,7,16,2.0,3,41,35,5,0.0313,0.1329,0.3063,0.4861,0.6434,7.0145,25,18,7,"16.0"
"172.json",24,8,16,4.0,3,42,36,4,0.0257,0.1169,0.269,0.4368,0.59,7.3448,24,16,8,"20.0"
"173.json",26,9,17,4.0,3,46,38,5,0.0252,0.1049,0.2419,0.4058,0.5643,7.484265140000001,27,18,9,"22.0"
"174.json",26,9,17,4.0,3,46,38,5,0.0209,0.1045,0.2459,0.4167,0.572,7.4376,27,18,9,"22.0"
"175.json",27,10,17,4.0,3,48,39,6,0.023,0.1047,0.2401,0.4052,0.5608,7.5238,28,18,10,"24.0"
"176.json",13,3,10,0.0,4,21,25,3,0.1295,0.3378,0.5489,0.7166,0.8283,5.64698124,13,10,3,"6.0"
"177.json",19,5,14,1.0,3,33,31,4,0.0517,0.1954,0.3776,0.5653,0.7096,6.55499991,19,14,5,"11.0"
"178.json",19,5,14,1.0,3,33,31,4,0.0556,0.1935,0.3881,0.5688,0.7167,6.5412,19,14,5,"11.0"
"179.json",23,7,16,2.0,2,42,35,5,0.0289,0.1382,0.3057,0.4759,0.6281,7.077248426513999,21,14,7,"16.0"
"18.json",15,3,12,1.0,4,28,27,2,0.072,0.2341,0.4301,0.6087,0.747,6.3173,15,12,3,"7.0"
"180.json",21,6,15,2.0,3,35,33,4,0.0402,0.1606,0.3282,0.4994,0.6482,6.9406,22,16,6,"14.0"
"181.json",23,7,16,2.0,3,39,35,5,0.0269,0.1226,0.2776,0.453,0.6066,7.260607724842652,25,18,7,"17.0"
"182.json",26,8,18,3.0,2,46,38,5,0.0163,0.0906,0.2314,0.4004,0.5627,7.482655499991,26,18,8,"19.0"
"183.json",27,9,18,3.0,2,48,39,6,0.0152,0.0839,0.2174,0.382,0.547,7.6186,27,18,9,"22.0"
"184.json",21,6,15,2.0,3,35,33,4,0.0369,0.1592,0.3302,0.5054,0.658,6.914426060772484,22,16,6,"14.0"
"185.json",26,8,18,3.0,2,46,38,5,0.0128,0.0852,0.2271,0.394,0.5576,7.5269,26,18,8,"19.0"
"186.json",23,7,16,2.0,3,39,35,5,0.0264,0.1269,0.2853,0.4581,0.6054,7.2149,25,18,7,"17.0"
"187.json",27,9,18,3.0,2,48,39,6,0.0133,0.0868,0.2183,0.3851,0.549,7.621391442606077,27,18,9,"22.0"
"188.json",26,9,17,4.0,2,45,38,5,0.0217,0.1053,0.2475,0.4116,0.567,7.478,25,16,9,"22.0"
"189.json",28,10,18,4.0,2,49,40,6,0.0162,0.0826,0.2086,0.3694,0.5332,7.685,28,18,10,"25.0"
"19.json",19,5,14,2.0,3,37,31,3,0.0482,0.1713,0.3423,0.5227,0.672,6.818862139144261,17,12,5,"12.0"
"190.json",28,10,18,4.0,2,49,40,6,0.016,0.0841,0.2103,0.3699,0.5366,7.7149,28,18,10,"25.0"
"191.json",29,11,18,4.0,2,51,41,7,0.0155,0.0788,0.1975,0.3536,0.5158,7.8042,29,18,11,"28.0"
"192.json",11,2,9,0.0,4,19,23,2,0.1395,0.3682,0.5857,0.7485,0.8517,5.476881886213914,10,8,2,"4.0"
"193.json",17,4,13,1.0,3,31,29,3,0.0646,0.2223,0.4115,0.5897,0.7295,6.4208,16,12,4,"9.0"
"194.json",17,4,13,1.0,3,31,29,3,0.0645,0.2202,0.4189,0.6011,0.7365,6.3822,16,12,4,"9.0"
"195.json",21,6,15,2.0,2,40,33,4,0.0374,0.1607,0.331,0.505,0.6556,6.8921,18,12,6,"14.0"
"196.json",17,4,13,1.0,3,31,29,3,0.0679,0.2259,0.4213,0.6006,0.7388,6.3552,16,12,4,"9.0"
"197.json",19,5,14,1.0,3,35,31,4,0.045,0.1721,0.3524,0.5225,0.6757,6.7854,19,14,5,"12.0"
"198.json",22,6,16,2.0,2,42,34,4,0.0255,0.1312,0.2906,0.4691,0.6305,7.08798921,20,14,6,"14.0"
"199.json",23,7,16,2.0,2,44,35,5,0.0286,0.1271,0.2841,0.4516,0.6093,7.2021,21,14,7,"17.0"
"2.json",9,1,8,0.0,5,19,21,1,0.1228,0.3398,0.565,0.7364,0.8471,5.5719,9,8,1,"2.0"
"20.json",12,2,10,0.0,4,23,24,2,0.1377,0.3487,0.5647,0.7316,0.8396,5.5614,12,10,2,"4.0"
"200.json",17,4,13,1.0,3,31,29,3,0.0665,0.2239,0.4157,0.5967,0.7346,6.3844,16,12,4,"9.0"
"201.json",22,6,16,2.0,2,42,34,4,0.0285,0.1314,0.2982,0.4701,0.625,7.119,20,14,6,"14.0"
"202.json",19,5,14,1.0,3,35,31,4,0.0445,0.1752,0.3508,0.528,0.6714,6.7821087989210005,19,14,5,"12.0"
"203.json",23,7,16,2.0,2,44,35,5,0.0263,0.122,0.2857,0.4527,0.608,7.2468,21,14,7,"17.0"
"204.json",21,6,15,2.0,2,40,33,4,0.0408,0.1512,0.3302,0.508,0.6576,6.928,18,12,6,"14.0"
"205.json",23,7,16,2.0,2,44,35,5,0.0286,0.1237,0.2792,0.4614,0.61,7.2297,21,14,7,"17.0"
"206.json",23,7,16,2.0,2,44,35,5,0.0263,0.1211,0.2724,0.4441,0.6038,7.2332,21,14,7,"17.0"
"207.json",24,8,16,2.0,2,46,36,6,0.0293,0.1139,0.2638,0.4316,0.5866,7.3875,22,14,8,"20.0"
"208.json",13,3,10,0.0,4,21,25,3,0.131,0.3432,0.5542,0.7227,0.8326,5.6233,13,10,3,"6.0"
"209.json",21,6,15,2.0,3,35,33,4,0.042,0.1593,0.336,0.5131,0.6651,6.9052,22,16,6,"14.0"
"21.json",17,4,13,1.0,4,32,29,3,0.0641,0.2171,0.4129,0.5999,0.734,6.3929,18,14,4,"9.0"
"210.json",21,6,15,2.0,3,35,33,4,0.039,0.1539,0.3328,0.5033,0.6561,6.9367623300000005,22,16,6,"14.0"
"211.json",26,9,17,4.0,2,45,38,5,0.0263,0.1105,0.2527,0.4165,0.5738,7.4543,25,16,9,"22.0"
"212.json",19,5,14,1.0,3,33,31,4,0.0559,0.2039,0.3921,0.5682,0.7101,6.5333,19,14,5,"11.0"
"213.json",23,7,16,2.0,3,39,35,5,0.0262,0.1198,0.2806,0.4504,0.6072,7.2345229699999996,25,18,7,"17.0"
"214.json",26,8,18,3.0,2,46,38,5,0.0141,0.0849,0.2263,0.3979,0.5642,7.5473,26,18,8,"19.0"
"215.json",28,10,18,4.0,2,49,40,6,0.0152,0.0882,0.2126,0.3696,0.5307,7.6897,28,18,10,"25.0"
"216.json",19,5,14,1.0,3,33,31,4,0.0561,0.196,0.3901,0.5677,0.7121,6.5494,19,14,5,"11.0"
"217.json",26,8,18,3.0,2,46,38,5,0.0169,0.0888,0.2253,0.3973,0.5593,7.5468,26,18,8,"19.0"
"218.json",23,7,16,2.0,3,39,35,5,0.027,0.1259,0.2809,0.4477,0.6095,7.226,25,18,7,"17.0"
"219.json",28,10,18,4.0,2,49,40,6,0.0152,0.0788,0.2083,0.3716,0.5284,7.7259,28,18,10,"25.0"
"22.json",18,4,14,1.0,3,35,30,3,0.0545,0.1997,0.3888,0.5673,0.7146,6.5422478,18,14,4,"9.0"
"220.json",23,7,16,2.0,2,42,35,5,0.0315,0.1381,0.3047,0.4847,0.643,7.0308,21,14,7,"16.0"
"221.json",27,9,18,3.0,2,48,39,6,0.0133,0.0843,0.2224,0.3871,0.549,7.624872589999999,27,18,9,"22.0"
"222.json",27,9,18,3.0,2,48,39,6,0.0156,0.0902,0.2199,0.3888,0.5499,7.6081,27,18,9,"22.0"
"223.json",29,11,18,4.0,2,51,41,7,0.0147,0.0778,0.204,0.3599,0.515,7.8306,29,18,11,"28.0"
"224.json",13,3,10,0.0,4,21,25,3,0.1377,0.3502,0.5559,0.72,0.8322,5.622862487259,13,10,3,"6.0"
"225.json",19,5,14,1.0,3,33,31,4,0.0579,0.2037,0.3963,0.5757,0.7186,6.5187,19,14,5,"11.0"
"226.json",19,5,14,1.0,3,33,31,4,0.0544,0.1955,0.382,0.5659,0.7163,6.5391,19,14,5,"11.0"
"227.json",23,7,16,2.0,2,42,35,5,0.0319,0.1388,0.3069,0.4927,0.6426,6.997962286248726,21,14,7,"16.0"
"228.json",21,6,15,2.0,3,35,33,4,0.0415,0.1645,0.3314,0.5051,0.6567,6.9014,22,16,6,"14.0"
"229.json",23,7,16,2.0,3,39,35,5,0.0281,0.1253,0.2733,0.4513,0.6121,7.2021,25,18,7,"17.0"
"23.json",21,6,15,2.0,3,41,33,4,0.0415,0.164,0.3386,0.5079,0.6609,6.881999796228625,20,14,6,"14.0"
"230.json",26,8,18,3.0,2,46,38,5,0.0161,0.09,0.2322,0.4033,0.5674,7.472448265549999,26,18,8,"19.0"
"231.json",27,9,18,3.0,2,48,39,6,0.0156,0.0865,0.2217,0.3915,0.5494,7.6135,27,18,9,"22.0"
"232.json",21,6,15,2.0,3,35,33,4,0.0405,0.1624,0.3324,0.5122,0.6636,6.874788199979623,22,16,6,"14.0"
"233.json",26,8,18,3.0,2,46,38,5,0.0155,0.0911,0.2286,0.4029,0.5649,7.4947,26,18,8,"19.0"
"234.json",23,7,16,2.0,3,39,35,5,0.0282,0.1254,0.2811,0.455,0.611,7.2293,25,18,7,"17.0"
"235.json",27,9,18,3.0,2,48,39,6,0.0163,0.085,0.2183,0.387,0.5473,7.620587478819999,27,18,9,"22.0"
"236.json",26,9,17,4.0,2,45,38,5,0.0251,0.1079,0.2461,0.4107,0.5673,7.4841,25,16,9,"22.0"
"237.json",28,10,18,4.0,2,49,40,6,0.0159,0.0802,0.2035,0.3646,0.5318,7.7547,28,18,10,"25.0"
"238.json",28,10,18,4.0,2,49,40,6,0.0156,0.0795,0.2048,0.3657,0.52,7.788162058747883,28,18,10,"25.0"
"239.json",29,11,18,4.0,2,51,41,7,0.0155,0.0743,0.1996,0.3529,0.5049,7.9012,29,18,11,"28.0"
"24.json",12,2,10,0.0,4,23,24,2,0.1406,0.359,0.577,0.7378,0.8489,5.5104,12,10,2,"4.0"
"240.json",14,4,10,0.0,4,22,26,4,0.128,0.3219,0.5314,0.6996,0.816,5.7428,14,10,4,"8.0"
"241.json",22,7,15,2.0,3,36,34,5,0.0389,0.1587,0.3299,0.5006,0.6554,6.9095,23,16,7,"16.0"
"242.json",22,7,15,2.0,3,36,34,5,0.0404,0.1564,0.3218,0.4966,0.6519,6.9575,23,16,7,"16.0"
"243.json",27,10,17,4.0,2,46,39,6,0.0239,0.1056,0.2476,0.405,0.5661,7.4894788162058745,26,16,10,"24.0"
"244.json",22,7,15,2.0,3,36,34,5,0.0415,0.1578,0.3238,0.4938,0.6418,6.973,23,16,7,"16.0"
"245.json",24,8,16,2.0,3,40,36,6,0.0279,0.1182,0.2683,0.4371,0.6002,7.3095,26,18,8,"20.0"
"246.json",28,10,18,4.0,2,48,40,6,0.018,0.0836,0.212,0.3757,0.5409,7.65574894788162,28,18,10,"24.0"
"247.json",29,11,18,4.0,2,50,41,7,0.015,0.0774,0.1966,0.3539,0.51,7.850547244826556,29,18,11,"28.0"
"248.json",22,7,15,2.0,3,36,34,5,0.0385,0.1569,0.3294,0.4994,0.6538,6.9185,23,16,7,"16.0"
"249.json",28,10,18,4.0,2,48,40,6,0.0149,0.0793,0.2082,0.3734,0.539,7.695065574894787,28,18,10,"24.0"
"25.json",18,4,14,1.0,3,35,30,3,0.0559,0.2014,0.3974,0.5766,0.7264,6.4647,18,14,4,"9.0"
"250.json",24,8,16,2.0,3,40,36,6,0.0275,0.1167,0.2612,0.4232,0.5829,7.3847,26,18,8,"20.0"
"251.json",29,11,18,4.0,2,50,41,7,0.014,0.0787,0.1991,0.3526,0.5118,7.82646950655749,29,18,11,"28.0"
"252.json",27,10,17,4.0,2,46,39,6,0.0232,0.1043,0.2441,0.4115,0.5704,7.45012021,26,16,10,"24.0"
"253.json",29,11,18,4.0,2,50,41,7,0.0154,0.0786,0.1978,0.3537,0.5136,7.8388,29,18,11,"28.0"
"254.json",29,11,18,4.0,2,50,41,7,0.0176,0.0793,0.1925,0.3478,0.5049,7.856582646950656,29,18,11,"28.0"
"255.json",30,12,18,4.0,2,52,42,8,0.0143,0.0749,0.1891,0.3345,0.4833,8.0165,30,18,12,"32.0"
"26.json",17,4,13,1.0,4,32,29,3,0.0582,0.2084,0.3984,0.5857,0.724,6.4607,18,14,4,"9.0"
"27.json",21,6,15,2.0,3,41,33,4,0.0409,0.1596,0.3275,0.4965,0.656,6.93427428,20,14,6,"14.0"
"28.json",14,3,11,0.0,3,28,26,3,0.1228,0.3263,0.5377,0.7094,0.8237,5.6892,13,10,3,"6.0"
"29.json",19,5,14,1.0,3,37,31,4,0.0514,0.1908,0.3764,0.5575,0.7022,6.5861,19,14,5,"11.0"
"3.json",11,2,9,0.0,4,24,23,2,0.112,0.3123,0.5325,0.7057,0.8224,5.737885658264695,10,8,2,"4.0"
"30.json",19,5,14,1.0,3,37,31,4,0.053,0.1927,0.3863,0.5678,0.7131,6.5375,19,14,5,"11.0"
"31.json",22,7,15,2.0,3,43,34,5,0.0394,0.1577,0.3229,0.4991,0.6521,6.9385,21,14,7,"16.0"
"32.json",9,1,8,0.0,5,16,21,1,0.1539,0.3809,0.6051,0.7685,0.8725,5.356573788565827,9,8,1,"2.0"
"33.json",12,2,10,0.0,4,23,24,2,0.1378,0.3576,0.5702,0.7406,0.848,5.5068,12,10,2,"4.0"
"34.json",12,2,10,0.0,4,23,24,2,0.1358,0.3417,0.5644,0.7331,0.8469,5.5399,12,10,2,"4.0"
"35.json",14,3,11,0.0,3,28,26,3,0.129,0.3342,0.5429,0.7103,0.832,5.666093427428,13,10,3,"6.0"
"36.json",15,3,12,1.0,4,28,27,2,0.0622,0.2286,0.4269,0.6107,0.7454,6.3096,15,12,3,"7.0"
"37.json",17,4,13,1.0,4,32,29,3,0.0573,0.2142,0.4032,0.5799,0.719,6.4782,18,14,4,"9.0"
"38.json",18,4,14,1.0,3,35,30,3,0.0555,0.2068,0.3943,0.5758,0.719,6.483566609342742,18,14,4,"9.0"
"39.json",19,5,14,1.0,3,37,31,4,0.0535,0.2001,0.3917,0.5655,0.7107,6.5444014500000005,19,14,5,"11.0"
"4.json",9,1,8,0.0,5,19,21,1,0.1275,0.35,0.5754,0.7457,0.8534,5.5208,9,8,1,"2.0"
"40.json",15,3,12,1.0,4,28,27,2,0.0636,0.2299,0.4284,0.6068,0.7474,6.3307,15,12,3,"7.0"
"41.json",18,4,14,1.0,3,35,30,3,0.0534,0.2062,0.3977,0.58,0.7229,6.4751,18,14,4,"9.0"
"42.json",17,4,13,1.0,4,32,29,3,0.0579,0.2188,0.4167,0.5971,0.7335,6.3866,18,14,4,"9.0"
"43.json",19,5,14,1.0,3,37,31,4,0.055,0.1972,0.3939,0.5658,0.7119,6.546648356660934,19,14,5,"11.0"
"44.json",19,5,14,2.0,3,37,31,3,0.049,0.1828,0.3557,0.5417,0.6877,6.7419,17,12,5,"12.0"
"45.json",21,6,15,2.0,3,41,33,4,0.0426,0.1687,0.3408,0.5169,0.6609,6.8571,20,14,6,"14.0"
"46.json",21,6,15,2.0,3,41,33,4,0.0402,0.1629,0.3345,0.5072,0.6569,6.877135657378856,20,14,6,"14.0"
"47.json",22,7,15,2.0,3,43,34,5,0.0419,0.1576,0.3259,0.5005,0.6541,6.93,21,14,7,"16.0"
"48.json",11,2,9,0.0,4,19,23,2,0.1422,0.3657,0.5869,0.7486,0.8509,5.474,10,8,2,"4.0"
"49.json",17,4,13,1.0,3,31,29,3,0.0643,0.2271,0.4149,0.594,0.7287,6.3788,16,12,4,"9.0"
"5.json",11,2,9,0.0,5,23,23,2,0.0895,0.2854,0.5036,0.6831,0.8079,5.890185054724483,12,10,2,"4.0"
"50.json",17,4,13,1.0,3,31,29,3,0.0668,0.224,0.4146,0.5868,0.7263,6.4117,16,12,4,"9.0"
"51.json",21,6,15,2.0,2,40,33,4,0.0368,0.1546,0.3271,0.5082,0.6532,6.913254664835666,18,12,6,"14.0"
"52.json",17,4,13,1.0,3,31,29,3,0.0677,0.2297,0.4239,0.5981,0.735,6.383,16,12,4,"9.0"
"53.json",19,5,14,1.0,3,35,31,4,0.0452,0.1711,0.3458,0.5222,0.6735,6.8026,19,14,5,"12.0"
"54.json",22,6,16,2.0,2,42,34,4,0.0249,0.1287,0.2929,0.4691,0.632,7.104991325466483,20,14,6,"14.0"
"55.json",23,7,16,2.0,2,44,35,5,0.0261,0.1225,0.2798,0.4466,0.597,7.2578,21,14,7,"17.0"
"56.json",17,4,13,1.0,3,31,29,3,0.0649,0.2172,0.417,0.5947,0.7373,6.3912,16,12,4,"9.0"
"57.json",22,6,16,2.0,2,42,34,4,0.0271,0.1325,0.296,0.4721,0.6293,7.079110499132547,20,14,6,"14.0"
"58.json",19,5,14,1.0,3,35,31,4,0.0441,0.1696,0.3522,0.5284,0.6786,6.7476,19,14,5,"12.0"
"59.json",23,7,16,2.0,2,44,35,5,0.028,0.1289,0.2872,0.4606,0.6146,7.1838,21,14,7,"17.0"
"6.json",12,2,10,0.0,4,26,24,2,0.0809,0.281,0.505,0.6845,0.8084,5.887607911049914,12,10,2,"4.0"
"60.json",21,6,15,2.0,2,40,33,4,0.0377,0.1573,0.3298,0.5058,0.6541,6.92566892,18,12,6,"14.0"
"61.json",23,7,16,2.0,2,44,35,5,0.029,0.1316,0.2792,0.4545,0.6076,7.2229,21,14,7,"17.0"
"62.json",23,7,16,2.0,2,44,35,5,0.0243,0.1212,0.281,0.456,0.6143,7.207788760791105,21,14,7,"17.0"
"63.json",24,8,16,2.0,2,46,36,6,0.0287,0.1183,0.26,0.4259,0.5819,7.3926,22,14,8,"20.0"
"64.json",9,1,8,0.0,5,16,21,1,0.157,0.3879,0.6115,0.7684,0.8699,5.3472,9,8,1,"2.0"
"65.json",15,3,12,1.0,4,28,27,2,0.0659,0.2341,0.4271,0.6092,0.7454,6.3175,15,12,3,"7.0"
"66.json",15,3,12,1.0,4,28,27,2,0.0639,0.2188,0.4252,0.6075,0.743,6.3327,15,12,3,"7.0"
"67.json",19,5,14,2.0,3,37,31,3,0.0454,0.1771,0.3538,0.5295,0.6767,6.7665,17,12,5,"12.0"
"68.json",12,2,10,0.0,4,23,24,2,0.1407,0.3535,0.5678,0.7327,0.8447,5.546520778876078,12,10,2,"4.0"
"69.json",17,4,13,1.0,4,32,29,3,0.0574,0.2135,0.4043,0.5811,0.7207,6.4599,18,14,4,"9.0"
"7.json",13,3,10,0.0,4,28,25,3,0.0742,0.258,0.4672,0.6513,0.7853,6.0622,13,10,3,"6.0"
"70.json",18,4,14,1.0,3,35,30,3,0.0556,0.2037,0.3912,0.5756,0.7209,6.499454652077888,18,14,4,"9.0"
"71.json",21,6,15,2.0,3,41,33,4,0.0415,0.1615,0.3355,0.5095,0.6613,6.892554440144999,20,14,6,"14.0"
"72.json",12,2,10,0.0,4,23,24,2,0.1338,0.3438,0.5545,0.7257,0.8381,5.5882,12,10,2,"4.0"
"73.json",18,4,14,1.0,3,35,30,3,0.0551,0.2046,0.3952,0.5786,0.7238,6.468349945465207,18,14,4,"9.0"
"74.json",17,4,13,1.0,4,32,29,3,0.0597,0.2155,0.4134,0.5911,0.7309,6.4203,18,14,4,"9.0"
"75.json",21,6,15,2.0,3,41,33,4,0.0417,0.1591,0.3319,0.5136,0.6608,6.8724,20,14,6,"14.0"
"76.json",14,3,11,0.0,3,28,26,3,0.1271,0.3288,0.5398,0.7094,0.8232,5.673087713565738,13,10,3,"6.0"
"77.json",19,5,14,1.0,3,37,31,4,0.0559,0.1961,0.3855,0.5701,0.7138,6.544289255444014,19,14,5,"11.0"
"78.json",19,5,14,1.0,3,37,31,4,0.0553,0.2018,0.3918,0.5719,0.7096,6.5369,19,14,5,"11.0"
"79.json",22,7,15,2.0,3,43,34,5,0.0378,0.153,0.3241,0.4963,0.649,6.95055494,21,14,7,"16.0"
"8.json",9,1,8,0.0,5,19,21,1,0.1251,0.3415,0.5656,0.7352,0.8478,5.5587,9,8,1,"2.0"
"80.json",11,2,9,0.0,5,18,23,2,0.1373,0.3536,0.5706,0.7382,0.8496,5.5278,12,10,2,"4.0"
"81.json",19,5,14,2.0,4,32,31,3,0.0407,0.1656,0.3457,0.5265,0.6752,6.7819,21,16,5,"12.0"
"82.json",19,5,14,2.0,4,32,31,3,0.0428,0.1694,0.3453,0.5224,0.6738,6.8177,21,16,5,"12.0"
"83.json",24,8,16,4.0,3,42,36,4,0.0312,0.1238,0.2665,0.4331,0.5875,7.3555,24,16,8,"20.0"
"84.json",14,3,11,0.0,4,25,26,3,0.1273,0.3215,0.5354,0.7062,0.8246,5.6981,15,12,3,"6.0"
"85.json",21,6,15,2.0,4,36,33,4,0.0342,0.1493,0.3258,0.5038,0.655,6.9283,24,18,6,"14.0"
"86.json",22,6,16,2.0,3,39,34,4,0.0331,0.1394,0.3047,0.4915,0.6469,6.9811,24,18,6,"14.0"
"87.json",26,9,17,4.0,3,46,38,5,0.0225,0.1085,0.2515,0.4087,0.5638,7.4816,27,18,9,"22.0"
"88.json",14,3,11,0.0,4,25,26,3,0.1262,0.323,0.5379,0.7077,0.8257,5.6878,15,12,3,"6.0"
"89.json",22,6,16,2.0,3,39,34,4,0.0318,0.1395,0.3122,0.4901,0.6494,6.9923,24,18,6,"14.0"
"9.json",12,2,10,0.0,4,26,24,2,0.0873,0.2776,0.4951,0.6738,0.8003,5.9285,12,10,2,"4.0"
"90.json",21,6,15,2.0,4,36,33,4,0.0349,0.1544,0.321,0.5081,0.6596,6.9276,24,18,6,"14.0"
"91.json",26,9,17,4.0,3,46,38,5,0.0256,0.1051,0.2463,0.4139,0.5684,7.4696,27,18,9,"22.0"
"92.json",16,4,12,0.0,3,30,28,4,0.1094,0.3046,0.5096,0.6853,0.8025,5.836,16,12,4,"8.0"
"93.json",23,7,16,2.0,3,41,35,5,0.0316,0.1353,0.3006,0.4858,0.6347,7.049,25,18,7,"16.0"
"94.json",23,7,16,2.0,3,41,35,5,0.0322,0.1379,0.3057,0.4798,0.6362,7.03,25,18,7,"16.0"
"95.json",27,10,17,4.0,3,48,39,6,0.0229,0.1013,0.2418,0.4055,0.5578,7.513383599999999,28,18,10,"24.0"
"96.json",12,2,10,0.0,4,20,24,2,0.1346,0.3449,0.5714,0.732,0.8376,5.5704,12,10,2,"4.0"
"97.json",18,4,14,1.0,3,32,30,3,0.0544,0.2001,0.3908,0.5702,0.7185,6.5019,18,14,4,"9.0"
"98.json",18,4,14,1.0,3,32,30,3,0.0543,0.1977,0.3909,0.571,0.7189,6.5027,18,14,4,"9.0"
"99.json",22,6,16,2.0,2,41,34,4,0.033,0.1384,0.3035,0.4825,0.6421,6.9983,20,14,6,"14.0"
"base.json",6,0,6,0.0,6,12,18,0,0.1567,0.4023,0.6336,0.7915,0.8852,5.2412,6,6,0,"0.0"
